03230
03240
03250
03260
03262
03261
03263
03264
03265
03266
03268
03267
04911
04910
04922
04923
04920
03320
04929
04912
04913
04915
04914
04917
04921
04926
04935
04918
04919
04928
04916
04924
04614
04925
04927
04260
04261
04270
04962
04960
04961
04964
04966
04724
04727
04725
04728
04726
04720
04730
04723
04721
04722
04744
04745
04740
04742
04750
04320
04360
04361
04380
04211
04212
04213
04710
04713
04711
04712
04714
04626
05200
05202
05206
05205
05204
05207
05208
05203
05230
05231
05235
05210
05212
05225
05226
05214
05216
05221
05220
05217
05218
05211
05219
05215
05213
05224
05222
05223
05166
05170
05161
05160
05171
05164
05162
05168
05163
05167
05169
05165
05110
05120
05130
05132
05131
05135
05133
05134
05150
05152
05100
05146
05144
05145
05140
05142
05143
05310
05322
05323
05320
05321
05330
05332
05340
05010
05012
05014
05016
05017
05020
05022
05030
05031
05032
05033
05034
05417
05418
05410
05412
05414
05415
05416
04930
04940
04950
04936
04932
04931
04933
04934
01501
01502
01503
01521
01524
01523
01522
07011
07012
07013
07021
07019
07020
07014
07023
07026
07044
07053
07040
07041
07042
07043
07045
07032
07030
07033
07015
07039
07028
07029
07031
07027
07056
07057
07055
07016
07017
07018
07037
07038
07046
07047
07048
07049
07050
07051
07052
07054
07220
07215
07214
07213
07212
07227
07211
07228
07224
07229
07225
07226
07223
07222
07221
07230
07036
07231
07232
07235
07233
07234
07216
07219
07024
07217
07218
07025
07034
07035
07110
07112
07114
07117
